4000        39.1	200    0.61
3800        39		200    0.61
3600        38.7	100    0.60
3400        38.4	100    0.60
3200        38.2	100    0.59
3000        37.92	100    0.59
2800        37.52   100    0.58
2600        37.04	100    0.58
2400        36.5	90    0.57
2200        36.06	80    0.56
2000        35.57	80    0.55
1900        35.14	80    0.55
1800        34.94	70    0.54
1700        34.7	70    0.54
1600        34.45	70    0.54
1500        34.2	70    0.53
1400        33.92	70    0.53
1300        33.63	60    0.52
1200        33.33	60    0.52
1100        32.98	60    0.51
1000        32.6	40    0.51
960	        32.28	40    0.50
920	        32.11	40    0.50
880	        31.96	30    0.50
840	        31.75	30    0.50
800	        31.54	30    0.49
720	        31.07	30    0.49
640	        30.41	30    0.48
560	        29.49	30    0.46
480	        28.33	30    0.44
400	        26.56	20    0.42
360	        25.71	20    0.41
320	        24.62	20    0.39
280	        23.38	10    0.37
240	        21.77	10    0.35
200	        19.34	8    0.31
150	        13.83	8    0.23
100	        6.48	7    0.12