Valori di corrente (mA) Valori di tensione(mV) Errori mA  Errori mV
-39		                -4000	               0.61	      200
-39		                -3800	               0.61	      200
-38.6		            -3600	               0.60	      100
-38.4		            -3400	               0.60	      100
-38.2		            -3200	               0.59	      100
-37.92		            -3000	               0.59	      100
-37.04		            -2600	               0.58	      100
-36.5		            -2400	               0.57	      90
-36.06		            -2200	               0.56	      80
-35.57		            -2000	               0.55	      80
-35.14		            -1900	               0.55	      80
-34.94		            -1800	               0.54	      70
-34.7		            -1700	               0.54	      70
-34.45		            -1600	               0.54	      70
-34.2		            -1500	               0.53	      70
-33.92		            -1400	               0.53	      70
-33.63		            -1300	               0.52	      60
-33.33		            -1200	               0.52	      60
-32.98		            -1100	               0.51	      60
-32.6		            -1000	               0.51	      40
-32.28		            -960		           0.50	      40
-32.11		            -920		           0.50	      40
-31.96		            -880		           0.50	      30
-31.75		            -840		           0.50	      30
-31.54		            -800		           0.49	      30
-31.07		            -720		           0.49	      30
-30.41		            -640		           0.48	      30
-29.49		            -560		           0.46	      30
-28.33		            -480		           0.44	      30
-26.56		            -400		           0.42	      20
-25.71		            -360		           0.41	      20
-24.62		            -320		           0.39	      20
-23.38		            -280		           0.37	      10
-21.77		            -240		           0.35	      10
-19.34		            -200		           0.31	      8
-13.83		            -150		           0.23	      8
-6.48		            -100		           0.12	      7
-1.34		            -50		               0.04	      6
